# t, eigval, error
 1   8.2575564924704292E-01    8.4469704236170851E-01    9.1100528208886766E-01    9.5062877753807407E-01    1.0736784793389123E+00    1.1184395113642760E+00    6.0664670185063838E-05    8.2104670195723217E-05    2.3539815027614477E-04    1.2379471048561090E-04    5.3724439017087237E-04    4.6817251473352099E-04  
 2   6.8523524125517443E-01    7.1664553368300177E-01    8.3321327407800783E-01    9.0818729241003626E-01    1.1472577059981137E+00    1.2279286536543270E+00    2.7436855486351422E-05    8.5573777626564573E-06    1.5196047300263890E-04    1.6608601888674974E-04    4.2249998053764360E-04    6.5298196618488629E-04  
 3   5.6885171736582396E-01    6.0908658253555148E-01    7.7435136742131627E-01    8.7102931237880310E-01    1.2528753856921542E+00    1.3773259851586299E+00    5.3870436717712101E-05    7.0133239928569905E-05    3.8253952384111176E-04    2.8140451277008119E-04    8.1691782223454847E-04    1.1544115841823615E-03  
 4   4.7624720717309754E-01    5.2305488006671541E-01    7.3487465972296617E-01    8.4246788266334605E-01    1.3751476538167529E+00    1.5715127477167341E+00    6.3987297683238285E-05    9.9221613798907958E-05    4.8650351040574089E-04    3.6224947313360254E-04    1.3462577425963351E-03    1.6525793137061302E-03  
 5   3.9901530370570887E-01    4.4857191762977033E-01    7.0925751468973131E-01    8.2054936892664909E-01    1.5597364073714455E+00    1.8182907944553213E+00    5.2771934025383045E-05    7.9245823887044367E-05    5.1909655993125493E-04    3.8301996393482450E-04    1.2278534509140974E-03    2.0614640560941960E-03  
 6   3.3525170294899381E-01    3.8546986814903544E-01    6.8713103249158392E-01    8.0286523482756722E-01    1.7796772318926775E+00    2.0916776024915693E+00    7.6205102694266962E-06    3.3598261332955424E-05    4.8994856401965241E-04    3.5848619928367196E-04    1.2880577024743352E-03    2.8996699423676454E-03  
 7   2.8384640286099461E-01    3.3395221570144973E-01    6.8358628649698516E-01    7.9799520335270391E-01    2.0588960195001005E+00    2.4518312705310201E+00    2.5584760517155786E-05    2.7011499090893111E-05    4.6433907303617967E-04    4.2898057072531784E-04    1.7279076578143912E-03    3.1330814939117212E-03  
 8   2.4030769418514411E-01    2.8883467941648111E-01    6.7844086600206299E-01    7.9466496920945895E-01    2.3485054306721795E+00    2.8700808947204894E+00    1.7773327627816157E-05    6.0514123242715872E-06    4.6595257519237653E-04    3.6135837352863380E-04    1.7649556386972532E-03    3.2785274854610319E-03  
 9   2.0454643793756289E-01    2.5076426023688936E-01    6.7636423539333423E-01    7.9141798107639683E-01    2.6925249865287939E+00    3.3508452886371631E+00    7.6632656498127630E-06    3.5865558912564116E-06    4.9589205179410509E-04    3.3933809677884189E-04    2.1853271768025695E-03    4.1879489624184760E-03  
 10   1.7596366469082406E-01    2.1974476619374692E-01    6.8282556959160201E-01    7.9816956326990651E-01    3.1160343260059959E+00    3.9395911005534630E+00    8.4559605064589535E-06    1.5587812920899984E-06    5.5824187251727827E-04    3.3861238999418399E-04    3.0621847983635744E-03    5.1990391082374580E-03  
 11   1.5282881080774330E-01    1.9363644778678041E-01    7.0207165677031136E-01    8.0988180123246800E-01    3.6311947739648831E+00    4.6566444164581018E+00    2.2500559566074321E-05    2.9794897448481631E-05    5.2053559841719658E-04    2.0204635500395616E-04    3.4064577108127102E-03    5.5008286231868009E-03  
 12   1.3375824322021834E-01    1.7318766938870372E-01    7.3529303715947980E-01    8.2872297112956073E-01    4.2256159987437334E+00    5.5239442121787734E+00    3.1160667901567942E-05    1.7691328103920292E-06    4.9435113688852978E-04    2.7058067223981544E-04    3.9372473262654691E-03    6.4020749904152114E-03  
 13   1.1854675818678360E-01    1.5610304967163774E-01    7.8477708832089499E-01    8.6222831913994136E-01    4.9605944024753184E+00    6.6099512296773408E+00    6.9249271999107510E-05    4.6818828136919423E-05    3.7310980079476556E-04    2.0668223311694613E-04    4.2966701604716523E-03    7.3106103131119812E-03  
 14   1.0562772387960154E-01    1.4168369626426747E-01    8.3761348697287064E-01    8.9535641549521550E-01    5.8036103025984200E+00    7.8864269312753326E+00    3.9173298881631629E-05    1.2888368265144444E-06    3.9952448554530877E-04    2.9037222103404556E-04    4.8996880522040234E-03    8.2975164220150301E-03  
 15   9.5486520229800406E-02    1.3037964618609144E-01    9.0408095002686839E-01    9.3938560089604983E-01    6.8534740046235028E+00    9.4721271406643179E+00    3.4117776897388888E-05    9.6145413344083335E-05    5.4489051443702544E-04    2.0593831531788958E-04    5.5464152909352115E-03    9.9272613127121840E-03  
 16   8.7831659576875595E-02    1.2295527574256142E-01    1.0000000000000000E+00    1.0000000000000000E+00    8.1200566457845404E+00    1.1387469086797388E+01    9.2744536217523297E-05    9.1110153084173457E-05    3.3290033227966004E-16    1.1096677742655336E-15    5.8319482634379208E-03    1.1246907044363284E-02  
